[0.2,0.4,0.6,0.8,1,1.2,1.4,1.6,1.8,2,2.2,2.4,2.6,2.8,3,3.2,3.4,3.6,3.8,4,4.2,4.4,4.6,4.8,5]
[1.0, 1.0, 1.0, 0.99992316000000003, 0.99929440000000036, 0.99694568000000017, 0.99141039999999991, 0.97960083999999981, -0.95692487999999976, -0.91231948000000007, -0.82752512, 0.14911140000000006, -0.019659120000000006, -0.041262959999999994, -0.0045084799999999918, -0.0040356800000000024, -0.0073194799999999997, 0.0047968800000000008, 0.006157840000000003, 0.0085588400000000016, -0.0022367199999999985, 0.0035006800000000017, -0.0092637200000000013, -0.0011549200000000005, 0.0021576799999999999]
[1.6,1.7,1.8,1.9,2,2.1,2.2,2.3,2.4,2.5,2.6,2.7,2.8,2.9] 
[0.97918647999999986, 0.96975795999999981, 0.95821208000000002, 0.92881811999999986, 0.91481940000000039, 0.8793623200000007, 0.69847804000000013, 0.35715312000000005, 0.049292680000000005, 0.25425652000000004, -0.073981519999999995, 0.01509851999999999, -0.02559423999999999, -0.032770199999999999]
[1.9,2.1] 
[0.93618955999999987, 0.87771511999999974]
[2.3,2.5] 
[0.60318267999999986, -0.039236640000000031]
[2.25,2.35] 
[0.48876700000000006, 0.12664003999999993]
