[0.2,0.4,0.6,0.8,1,1.2,1.4,1.6,1.8,2,2.2,2.4,2.6,2.8,3,3.2,3.4,3.6,3.8,4,4.2,4.4,4.6,4.8,5]
[0.0, 0.0, 0.0, 0.00019736195178143845, 0.0015137328639558412, 0.0058392607781287973, 0.016819626560027334, 0.040770791955913044, 0.11561580205476929, 0.28024972062647979, 1.0858307531357101, 18.776438299584999, 10.51258531541637, 6.1268788618585139, 3.8383405336029885, 2.5009230902167996, 2.024609847427342, 1.6150490095073777, 1.2398706791193259, 1.1067684764463603, 0.91351939722956221, 0.7846664463531271, 0.69086967590786086, 0.63728136166236671, 0.53117210434035211]
1.9 [0.21418146036878444]
2.1 [0.21418146036878444, 0.52428594873267698]
2.3 [9.213311415131205]
2.5 [9.213311415131205, 13.196226227260421]
2.25 [16.543706653822216]
2.35 [16.543706653822216, 22.198537679523337]
1.6 [0.043092736575600643]
1.7 [0.043092736575600643, 0.066986859802259713]
1.8 [0.043092736575600643, 0.066986859802259713, 0.095402941226310461]
1.9 [0.043092736575600643, 0.066986859802259713, 0.095402941226310461, 0.3832952399823964]
2.0 [0.043092736575600643, 0.066986859802259713, 0.095402941226310461, 0.3832952399823964, 0.29065578918195945]
2.1 [0.043092736575600643, 0.066986859802259713, 0.095402941226310461, 0.3832952399823964, 0.29065578918195945, 0.62839206496269007]
2.2 [0.043092736575600643, 0.066986859802259713, 0.095402941226310461, 0.3832952399823964, 0.29065578918195945, 0.62839206496269007, 9.926187401716291]
2.3 [0.043092736575600643, 0.066986859802259713, 0.095402941226310461, 0.3832952399823964, 0.29065578918195945, 0.62839206496269007, 9.926187401716291, 19.825495411924582]
2.4 [0.043092736575600643, 0.066986859802259713, 0.095402941226310461, 0.3832952399823964, 0.29065578918195945, 0.62839206496269007, 9.926187401716291, 19.825495411924582, 19.166985887434063]
2.5 [0.043092736575600643, 0.066986859802259713, 0.095402941226310461, 0.3832952399823964, 0.29065578918195945, 0.62839206496269007, 9.926187401716291, 19.825495411924582, 19.166985887434063, 12.418071377499585]
2.6 [0.043092736575600643, 0.066986859802259713, 0.095402941226310461, 0.3832952399823964, 0.29065578918195945, 0.62839206496269007, 9.926187401716291, 19.825495411924582, 19.166985887434063, 12.418071377499585, 9.9052917037880608]
2.7 [0.043092736575600643, 0.066986859802259713, 0.095402941226310461, 0.3832952399823964, 0.29065578918195945, 0.62839206496269007, 9.926187401716291, 19.825495411924582, 19.166985887434063, 12.418071377499585, 9.9052917037880608, 7.5559517738448001]
2.8 [0.043092736575600643, 0.066986859802259713, 0.095402941226310461, 0.3832952399823964, 0.29065578918195945, 0.62839206496269007, 9.926187401716291, 19.825495411924582, 19.166985887434063, 12.418071377499585, 9.9052917037880608, 7.5559517738448001, 6.2568336742436541]
2.9 [0.043092736575600643, 0.066986859802259713, 0.095402941226310461, 0.3832952399823964, 0.29065578918195945, 0.62839206496269007, 9.926187401716291, 19.825495411924582, 19.166985887434063, 12.418071377499585, 9.9052917037880608, 7.5559517738448001, 6.2568336742436541, 4.5637106066193116]
