[0.2,0.4,0.6,0.8,1,1.2,1.4,1.6,1.8,2,2.2,2.4,2.6,2.8,3,3.2,3.4,3.6,3.8,4,4.2,4.4,4.6,4.8,5]
[-2.0, -2.0, -2.0, -1.99969504, -1.9972256799999999, -1.9882040000000003, -1.9680996799999997, -1.9280580000000009, -1.8599694400000002, -1.7425630399999998, -1.5778426399999999, -1.3172307200000002, -1.0910756799999997, -0.93574464000000002, -0.82286047999999989, -0.73757480000000009, -0.68978760000000017, -0.64043831999999989, -0.59245336000000004, -0.55730056000000006, -0.52805088000000022, -0.49816895999999988, -0.47137488000000005, -0.44980223999999996, -0.42315088000000012]
1.9 [-1.8056615199999999]
2.1 [-1.8056615199999999, -1.6699016000000004]
2.3 [-1.4365275200000001]
2.5 [-1.4365275200000001, -1.16652552]
2.25 [-1.4825645600000004]
2.35 [-1.4825645600000004, -1.38509448]
1.6 [-1.9269330400000004]
1.7 [-1.9269330400000004, -1.8968485599999998]
1.8 [-1.9269330400000004, -1.8968485599999998, -1.8605569600000005]
1.9 [-1.9269330400000004, -1.8968485599999998, -1.8605569600000005, -1.7962575999999997]
2.0 [-1.9269330400000004, -1.8968485599999998, -1.8605569600000005, -1.7962575999999997, -1.7516752799999997]
2.1 [-1.9269330400000004, -1.8968485599999998, -1.8605569600000005, -1.7962575999999997, -1.7516752799999997, -1.6756448799999999]
2.2 [-1.9269330400000004, -1.8968485599999998, -1.8605569600000005, -1.7962575999999997, -1.7516752799999997, -1.6756448799999999, -1.57558088]
2.3 [-1.9269330400000004, -1.8968485599999998, -1.8605569600000005, -1.7962575999999997, -1.7516752799999997, -1.6756448799999999, -1.57558088, -1.44077056]
2.4 [-1.9269330400000004, -1.8968485599999998, -1.8605569600000005, -1.7962575999999997, -1.7516752799999997, -1.6756448799999999, -1.57558088, -1.44077056, -1.3088728000000001]
2.5 [-1.9269330400000004, -1.8968485599999998, -1.8605569600000005, -1.7962575999999997, -1.7516752799999997, -1.6756448799999999, -1.57558088, -1.44077056, -1.3088728000000001, -1.2019668799999996]
2.6 [-1.9269330400000004, -1.8968485599999998, -1.8605569600000005, -1.7962575999999997, -1.7516752799999997, -1.6756448799999999, -1.57558088, -1.44077056, -1.3088728000000001, -1.2019668799999996, -1.0778260800000001]
2.7 [-1.9269330400000004, -1.8968485599999998, -1.8605569600000005, -1.7962575999999997, -1.7516752799999997, -1.6756448799999999, -1.57558088, -1.44077056, -1.3088728000000001, -1.2019668799999996, -1.0778260800000001, -0.98825639999999992]
2.8 [-1.9269330400000004, -1.8968485599999998, -1.8605569600000005, -1.7962575999999997, -1.7516752799999997, -1.6756448799999999, -1.57558088, -1.44077056, -1.3088728000000001, -1.2019668799999996, -1.0778260800000001, -0.98825639999999992, -0.93378399999999973]
2.9 [-1.9269330400000004, -1.8968485599999998, -1.8605569600000005, -1.7962575999999997, -1.7516752799999997, -1.6756448799999999, -1.57558088, -1.44077056, -1.3088728000000001, -1.2019668799999996, -1.0778260800000001, -0.98825639999999992, -0.93378399999999973, -0.87431608000000005]
