[0.2,0.4,0.6,0.8,1,1.2,1.4,1.6,1.8,2,2.2,2.4,2.6,2.8,3,3.2,3.4,3.6,3.8,4,4.2,4.4,4.6,4.8,5]
[0.0, 0.0, 0.0, 3.8424686560345478e-07, 2.284087485389108e-06, 6.9431332222110367e-06, 1.4187730530100105e-05, 2.5546224359357037e-05, 4.5476797117549325e-05, 7.0226665064898608e-05, 9.8871018590559657e-05, 0.00012902639702826605, 8.7505388923873911e-05, 6.3065115192947215e-05, 4.3554464060188148e-05, 3.3863381254843638e-05, 2.8807995576331943e-05, 2.4038970274365589e-05, 1.9530645030962871e-05, 1.7270099639804005e-05, 1.5265706650354514e-05, 1.3019491370102579e-05, 1.1931521032601895e-05, 1.0889927470044476e-05, 9.4587180620902008e-06]
1.9 [5.9492631554821527e-05]
2.1 [5.9492631554821527e-05, 8.2604698225481051e-05]
2.3 [0.0001350483952413032]
2.5 [0.0001350483952413032, 0.00011249457150196813]
2.25 [0.00013380748134717162]
2.35 [0.00013380748134717162, 0.00012811231701861307]
1.6 [2.630925061077212e-05]
1.7 [2.630925061077212e-05, 3.4466506664106298e-05]
1.8 [2.630925061077212e-05, 3.4466506664106298e-05, 4.1647141344309313e-05]
1.9 [2.630925061077212e-05, 3.4466506664106298e-05, 4.1647141344309313e-05, 6.6743093745820183e-05]
2.0 [2.630925061077212e-05, 3.4466506664106298e-05, 4.1647141344309313e-05, 6.6743093745820183e-05, 6.6740835592308251e-05]
2.1 [2.630925061077212e-05, 3.4466506664106298e-05, 4.1647141344309313e-05, 6.6743093745820183e-05, 6.6740835592308251e-05, 8.318033408114724e-05]
2.2 [2.630925061077212e-05, 3.4466506664106298e-05, 4.1647141344309313e-05, 6.6743093745820183e-05, 6.6740835592308251e-05, 8.318033408114724e-05, 9.8380967310796489e-05]
2.3 [2.630925061077212e-05, 3.4466506664106298e-05, 4.1647141344309313e-05, 6.6743093745820183e-05, 6.6740835592308251e-05, 8.318033408114724e-05, 9.8380967310796489e-05, 0.00013602894184742276]
2.4 [2.630925061077212e-05, 3.4466506664106298e-05, 4.1647141344309313e-05, 6.6743093745820183e-05, 6.6740835592308251e-05, 8.318033408114724e-05, 9.8380967310796489e-05, 0.00013602894184742276, 0.00012912918857666683]
2.5 [2.630925061077212e-05, 3.4466506664106298e-05, 4.1647141344309313e-05, 6.6743093745820183e-05, 6.6740835592308251e-05, 8.318033408114724e-05, 9.8380967310796489e-05, 0.00013602894184742276, 0.00012912918857666683, 0.00011280619037290657]
2.6 [2.630925061077212e-05, 3.4466506664106298e-05, 4.1647141344309313e-05, 6.6743093745820183e-05, 6.6740835592308251e-05, 8.318033408114724e-05, 9.8380967310796489e-05, 0.00013602894184742276, 0.00012912918857666683, 0.00011280619037290657, 9.1911030283776539e-05]
2.7 [2.630925061077212e-05, 3.4466506664106298e-05, 4.1647141344309313e-05, 6.6743093745820183e-05, 6.6740835592308251e-05, 8.318033408114724e-05, 9.8380967310796489e-05, 0.00013602894184742276, 0.00012912918857666683, 0.00011280619037290657, 9.1911030283776539e-05, 7.2041347406090898e-05]
2.8 [2.630925061077212e-05, 3.4466506664106298e-05, 4.1647141344309313e-05, 6.6743093745820183e-05, 6.6740835592308251e-05, 8.318033408114724e-05, 9.8380967310796489e-05, 0.00013602894184742276, 0.00012912918857666683, 0.00011280619037290657, 9.1911030283776539e-05, 7.2041347406090898e-05, 6.4390389469388352e-05]
2.9 [2.630925061077212e-05, 3.4466506664106298e-05, 4.1647141344309313e-05, 6.6743093745820183e-05, 6.6740835592308251e-05, 8.318033408114724e-05, 9.8380967310796489e-05, 0.00013602894184742276, 0.00012912918857666683, 0.00011280619037290657, 9.1911030283776539e-05, 7.2041347406090898e-05, 6.4390389469388352e-05, 5.0792877352477294e-05]
